maryana.curci@icloud.com
+16177102998
mn.martinez12@gmail.com
javier_antonio07@hotmail.com
+13058775790
melissanmartinez@icloud.com
+17862023026
+18496214751
+17863401938
argetwydra@gmail.com
tamijo.forrester@gmail.com
pan.annia@gmail.com
annevcai@gmail.com
anthonyyu521@gmail.com
1tpwiadu6qb381q8x6zjn3ezyv@public.talk.google.com
+13058129479
+13054963796
+18098893702
+13052815799
+17863299346
+16463421516
lrm1202002@icloud.com
+13059799268
+19253302701
+18452697986
-100002700707914@chat.facebook.com
-100002284634720@chat.facebook.com
-656928065@chat.facebook.com
-594472592@chat.facebook.com
-100000958328087@chat.facebook.com
+17873654856
-100002291643645@chat.facebook.com
+17743294245
18098840013@chat.facebook.com
-100002343351030@chat.facebook.com
+18098840013
-100001662428268@chat.facebook.com
-100000261471125@chat.facebook.com
-1078267775@chat.facebook.com
+16179210305
info@orders.apple.com
-100000175029463@chat.facebook.com
+17879185032
+15089514598
+18572080962
+16464887894
24scmr73gylwe3fbykkkrfefcl@public.talk.google.com
+19092721159
-790384153@chat.facebook.com
+16157071201
3lirouf2uwmtg00qzjpovdjlyv@public.talk.google.com
-100000065131292@chat.facebook.com
-726333570@chat.facebook.com
-100000261427237@chat.facebook.com
-1489484361@chat.facebook.com
-100001284098991@chat.facebook.com
+16789385560
+17863400135
+17035890924
lrm1232003@icloud.com
+14135228815
sw33tsoha@hotmail.com
+17865801571
+18137894726
+17863401785
+18136755076
+13053330921
+13145567635
+13153833921
+16514944025
+13058019958
lrm1202002@me.com
+17542631873
+18577012019
262966
+13035796478
287898
1162
+15619298444
456
+17815883486
+16308884707
89203
+16786402189
lenny.martinez.73113@facebook.com
+13472612897
bjarniorn@gmail.com
+18434257620
+17876469668
+18572579595
+17862273777
+16614443938
mlozano2468@gmail.com
chiceldp@gmail.com
+13052813734
+15712248632
+17862054328
+13053027806
+17862578722
889
+15087766375
+17868539273
+18609480070
87761
+13196215665
+13052976904
+19786542336
+16175952740
+13057817993
+13054696372
+16266755223
+17868381460
lrm1232002@gmail.com
+17874499644
+14077548527
+16469456368
40404
jane
+16232251254
+17863750432
+17876971067
+17879222386
+17874398292
+17868791148
+15084109235
347268
+12033080598
156
459
+16122398731
8675
67283
+14052655566
+17869999850
+18635290177
+17403308053
(null)
9502
9801
433768
lmartinezd21@gmail.com
caelagabi98@gmail.com
+17868632039
chheangkea.ieng@gmail.com
+17038887015
8132608422@tmomail.net
aslzvvfe28@medimark-europe.com
7864485081@tmomail.net
ajoinhkm05@memorymax.com
+447490200865
+3546989599
+14157499786
+16504092419
+12409949912
+12402834948
tmrdfdiau65@montes.us
+18572170302
226787
+14042598576
+13059721237
+15202699496
+13053310904
89050
+16613646143
+13174806304
+16468639557
sebasthiansantiago@gmail.com
+17872363508
+16073215009
+12102886371
+12032419169
+16172093872
+19072237304
+17872318376
+12053814577
+13868714298
G.Asfaw@cgiar.org
g.asfaw@cgiar.org
+18053411339
+19802096772
kathoderays@gmail.com
+15016510785
+14159692421
+12142437077
+17862867748
+13059040814
+17738708800
90206
+16179092621
Sergio.Fadelli@fmc.com
sergio.fadelli@fmc.com
+18572849399
+12077017606
+18572434824
annamynick@gmail.com
+17403308048
+17818018332
+17869423341
242733
+16197364894
+17872426534
837401
+18775860562
+17865198410
+13474079337
24273
7474
84045
+18572170662
+14109147206
+17403308052
+16149068747
+16179593809
+13016657728
+17862578724
50472
+17608090001
+16477737068
+16175142625
+12108123595
+12282693134
25370
+13014424766
+17866096685
+17742232295
+13057475334
+14153902137
+12087212168
domchi12@icloud.com
+12068197433
83372
+13862676531
+13862676881
+13862376490
+16057592021
+16174708132
+13057859385
+18299092067
+17134783086
+15748500640
+15612896266
+19172506990
+14044416637
+16177105004
272727
+16173408954
73981
53849
+16508177704
+13054698448
+34696877535
+13862697547
+13862676523
256447
732873
+14842620083
+14133442837
86753
+16466815137
729725
+13053365365
+17033573074
+393348168873
+18133915016
+13057250462
+13479845303
3901
+19123489143
+17865861511
+13059625735
+14125239037
+18572229477
+15857279185
+17862103882
+15084946452
+19783756376
+15089834990
32665
+17866836589
+17205096625
+15405772567
+17819123234
+19738969038
+16179256688
68359
afannis2977@gmail.com
z5yfxl6jvm@iqr42.bid
+16179052938
+12039219758
+12192990212
53079
+16173886843
+13012217442
xmkc8vj9fmh@5l0kk.bid
+17274924440
+17863321021
227898
+17013918450
+16179490739
dtyrajks5zeifdce@ponw2.bid
+14047508340
+19257870071
vvp062u@mrjh0.club
+18178978635
+16319426164
+14018647430
+15086856991
+15099471971
21525
+16123451322
+16179434525
+15038407712
+15185789487
+18122417908
+13478041381
+12143845311
+16179356696
+19542251449
+12679873802
+13012042781
+17813071247
22000
+16172339927
+12104617333
+16178990740
+17187155312
bjarniorn@icloud.com
+15718588443
+16316395959
+18562875470
+14049513100
+19543266949
+642108702173
26266
+16175832371
+16174131224
+19788442963
+14257364574
20823
acheema2017@icloud.com
+12162783818
+14097712444
+19362088329
+14044282382
+12066182325
+17816986615
+13052053094
84230
+19144868506
+17737018244
2954
+16785595882
+13153961490
+19177463290
+12015729174
+16263212381
+16175993912
+12032024653
+16173209126
+17082030641
+12488809700
+14127355285
+19544222508
+19789685145
+79639980739
+13056092128
+19095701535
57002
+13153803520
+13155597451
+17274392655
+15999074303
+15599074303
+17742581818
+18442002305
+13152440882
+13153913274
+18476098634
+12015754143
+16314875662
+12626619344
+13478919018
+13158631239
+12398497801
+17862694432
+17573197053
+14084800562
+13154167047
+15033675648
51378
24178
+19788862685
+16504504922
a@jaonvillanueva.com
+15022633380
+16099239625
+19143340595
+19739432520
+15035755550
+13159354527
+13034655560
+13155054142
+12064994330
+13159920365
+16462555971
+12488217784
+16174172702
+19254827769
+15165210488
+19146123647
692227
+16469513949
+16173209893
+19145131282
+12489332576
bailey.lily@icloud.com
69877
+13159259389
+12035358660
+13154408965
+13153456854
+13362533565
emilyelconin@icloud.com
+16475345908
+18137287658
+17875879259
+13153999062
+18053147677
+12077565211
+13154015430
+13152430272
+13152372079
todd.michalek@gmail.com
+14013684049
+12036452252
+19122200860
+12037225790
+19253536359
+19086251085
+16783163707
+12676933334
+17706878945
+18454761706
+19084140282
+19148605799
+13153720699
+15088383390
+16319021541
+14436177263
+19176583302
+18474711119
+17169097063
+12674493687
+14017419429
+17733297911
+17866629334
+13473076525
+12017041646
+19738203464
+17326096326
+15854726004
+12155953434
+17819297513
+19149199191
+15163303302
+19788808060
+15103680509
+15082098240
+12014147142
+18623710512
+18182005723
+13473109273
+13158768808
+19146108885
+16094421771
+12035052191
+19147148976
+17865467390
+18609306440
+18453251562
+15403546364
+15714263407
jsprankle7@gmail.com
+18029228811
+19202776098
+17193302165
+13157193801
+12812249929
+14803816300
+19147143032
+15039704103
+12156881393
+15129682367
+14439178356
+19082399561
+13195411711
+13154508003
+15182928369
+17866196054
+13053051954
+15035457711
+19702326572
+19088090176
+17247996295
+17863409857
+15854146102